BOTTOMLAYER
640,-0.5
(0.005,(-0.05 -0.08 0),-3.15455e-09)
(0.005,(-0.05 -0.075 0),-2.68722e-09)
(0.005,(-0.05 -0.07 0),-2.64509e-09)
(0.005,(-0.05 -0.065 0),-2.62173e-09)
(0.005,(-0.05 -0.06 0),-2.6081e-09)
(0.005,(-0.05 -0.055 0),-2.59862e-09)
(0.005,(-0.05 -0.05 0),-2.59116e-09)
(0.005,(-0.05 -0.045 0),-2.58464e-09)
(0.005,(-0.05 -0.04 0),-2.57829e-09)
(0.005,(-0.05 -0.035 0),-2.57133e-09)
(0.005,(-0.05 -0.03 0),-2.56261e-09)
(0.005,(-0.05 -0.025 0),-2.54962e-09)
(0.005,(-0.05 -0.02 0),-2.53138e-09)
(0.005,(-0.05 -0.015 0),-2.33255e-09)
(0.005,(-0.05 -0.01 0),-1.55932e-09)
(0.005,(-0.05 -0.005 0),-1.21106e-09)
(0.005,(-0.05 0 0),-1.21106e-09)
(0.005,(-0.05 0.005 0),-1.55932e-09)
(0.005,(-0.05 0.01 0),-2.33255e-09)
(0.005,(-0.05 0.015 0),-2.53138e-09)
(0.005,(-0.05 0.02 0),-2.54962e-09)
(0.005,(-0.05 0.025 0),-2.56261e-09)
(0.005,(-0.05 0.03 0),-2.57133e-09)
(0.005,(-0.05 0.035 0),-2.57829e-09)
(0.005,(-0.05 0.04 0),-2.58464e-09)
(0.005,(-0.05 0.045 0),-2.59116e-09)
(0.005,(-0.05 0.05 0),-2.59862e-09)
(0.005,(-0.05 0.055 0),-2.6081e-09)
(0.005,(-0.05 0.06 0),-2.62173e-09)
(0.005,(-0.05 0.065 0),-2.64509e-09)
(0.005,(-0.05 0.07 0),-2.68722e-09)
(0.005,(-0.05 0.075 0),-3.15455e-09)
(0.005,(-0.045 -0.08 0),-2.68954e-09)
(0.005,(-0.045 -0.075 0),-2.17674e-09)
(0.005,(-0.045 -0.07 0),-2.13426e-09)
(0.005,(-0.045 -0.065 0),-2.11229e-09)
(0.005,(-0.045 -0.06 0),-2.10104e-09)
(0.005,(-0.045 -0.055 0),-2.09437e-09)
(0.005,(-0.045 -0.05 0),-2.08993e-09)
(0.005,(-0.045 -0.045 0),-2.08665e-09)
(0.005,(-0.045 -0.04 0),-2.08404e-09)
(0.005,(-0.045 -0.035 0),-2.08184e-09)
(0.005,(-0.045 -0.03 0),-2.08002e-09)
(0.005,(-0.045 -0.025 0),-2.07871e-09)
(0.005,(-0.045 -0.02 0),-2.08635e-09)
(0.005,(-0.045 -0.015 0),-1.9126e-09)
(0.005,(-0.045 -0.01 0),-1.11739e-09)
(0.005,(-0.045 -0.005 0),-7.54113e-10)
(0.005,(-0.045 0 0),-7.54113e-10)
(0.005,(-0.045 0.005 0),-1.11739e-09)
(0.005,(-0.045 0.01 0),-1.9126e-09)
(0.005,(-0.045 0.015 0),-2.08635e-09)
(0.005,(-0.045 0.02 0),-2.07871e-09)
(0.005,(-0.045 0.025 0),-2.08002e-09)
(0.005,(-0.045 0.03 0),-2.08184e-09)
(0.005,(-0.045 0.035 0),-2.08404e-09)
(0.005,(-0.045 0.04 0),-2.08665e-09)
(0.005,(-0.045 0.045 0),-2.08993e-09)
(0.005,(-0.045 0.05 0),-2.09437e-09)
(0.005,(-0.045 0.055 0),-2.10104e-09)
(0.005,(-0.045 0.06 0),-2.11229e-09)
(0.005,(-0.045 0.065 0),-2.13426e-09)
(0.005,(-0.045 0.07 0),-2.17674e-09)
(0.005,(-0.045 0.075 0),-2.68954e-09)
(0.005,(-0.04 -0.08 0),-2.64882e-09)
(0.005,(-0.04 -0.075 0),-2.13486e-09)
(0.005,(-0.04 -0.07 0),-2.08898e-09)
(0.005,(-0.04 -0.065 0),-2.06704e-09)
(0.005,(-0.04 -0.06 0),-2.05893e-09)
(0.005,(-0.04 -0.055 0),-2.05465e-09)
(0.005,(-0.04 -0.05 0),-2.05166e-09)
(0.005,(-0.04 -0.045 0),-2.049e-09)
(0.005,(-0.04 -0.04 0),-2.04672e-09)
(0.005,(-0.04 -0.035 0),-2.04471e-09)
(0.005,(-0.04 -0.03 0),-2.04296e-09)
(0.005,(-0.04 -0.025 0),-2.04143e-09)
(0.005,(-0.04 -0.02 0),-2.04751e-09)
(0.005,(-0.04 -0.015 0),-1.88226e-09)
(0.005,(-0.04 -0.01 0),-1.13191e-09)
(0.005,(-0.04 -0.005 0),-7.96596e-10)
(0.005,(-0.04 0 0),-7.96596e-10)
(0.005,(-0.04 0.005 0),-1.13191e-09)
(0.005,(-0.04 0.01 0),-1.88226e-09)
(0.005,(-0.04 0.015 0),-2.04751e-09)
(0.005,(-0.04 0.02 0),-2.04143e-09)
(0.005,(-0.04 0.025 0),-2.04296e-09)
(0.005,(-0.04 0.03 0),-2.04471e-09)
(0.005,(-0.04 0.035 0),-2.04672e-09)
(0.005,(-0.04 0.04 0),-2.049e-09)
(0.005,(-0.04 0.045 0),-2.05166e-09)
(0.005,(-0.04 0.05 0),-2.05465e-09)
(0.005,(-0.04 0.055 0),-2.05893e-09)
(0.005,(-0.04 0.06 0),-2.06704e-09)
(0.005,(-0.04 0.065 0),-2.08898e-09)
(0.005,(-0.04 0.07 0),-2.13486e-09)
(0.005,(-0.04 0.075 0),-2.64882e-09)
(0.005,(-0.035 -0.08 0),-2.62697e-09)
(0.005,(-0.035 -0.075 0),-2.11352e-09)
(0.005,(-0.035 -0.07 0),-2.06764e-09)
(0.005,(-0.035 -0.065 0),-2.02003e-09)
(0.005,(-0.035 -0.06 0),-1.92194e-09)
(0.005,(-0.035 -0.055 0),-1.87072e-09)
(0.005,(-0.035 -0.05 0),-1.85687e-09)
(0.005,(-0.035 -0.045 0),-1.85048e-09)
(0.005,(-0.035 -0.04 0),-1.84678e-09)
(0.005,(-0.035 -0.035 0),-1.84458e-09)
(0.005,(-0.035 -0.03 0),-1.84372e-09)
(0.005,(-0.035 -0.025 0),-1.84498e-09)
(0.005,(-0.035 -0.02 0),-1.85747e-09)
(0.005,(-0.035 -0.015 0),-1.782e-09)
(0.005,(-0.035 -0.01 0),-1.31628e-09)
(0.005,(-0.035 -0.005 0),-1.12184e-09)
(0.005,(-0.035 0 0),-1.12184e-09)
(0.005,(-0.035 0.005 0),-1.31628e-09)
(0.005,(-0.035 0.01 0),-1.782e-09)
(0.005,(-0.035 0.015 0),-1.85747e-09)
(0.005,(-0.035 0.02 0),-1.84498e-09)
(0.005,(-0.035 0.025 0),-1.84372e-09)
(0.005,(-0.035 0.03 0),-1.84458e-09)
(0.005,(-0.035 0.035 0),-1.84678e-09)
(0.005,(-0.035 0.04 0),-1.85048e-09)
(0.005,(-0.035 0.045 0),-1.85687e-09)
(0.005,(-0.035 0.05 0),-1.87072e-09)
(0.005,(-0.035 0.055 0),-1.92194e-09)
(0.005,(-0.035 0.06 0),-2.02003e-09)
(0.005,(-0.035 0.065 0),-2.06764e-09)
(0.005,(-0.035 0.07 0),-2.11352e-09)
(0.005,(-0.035 0.075 0),-2.62697e-09)
(0.005,(-0.03 -0.08 0),-2.61508e-09)
(0.005,(-0.03 -0.075 0),-2.10294e-09)
(0.005,(-0.03 -0.07 0),-2.06016e-09)
(0.005,(-0.03 -0.065 0),-1.92255e-09)
(0.005,(-0.03 -0.06 0),-1.36901e-09)
(0.005,(-0.03 -0.055 0),-1.11156e-09)
(0.005,(-0.03 -0.05 0),-1.0417e-09)
(0.005,(-0.03 -0.045 0),-1.01466e-09)
(0.005,(-0.03 -0.04 0),-1.00298e-09)
(0.005,(-0.03 -0.035 0),-9.99575e-10)
(0.005,(-0.03 -0.03 0),-1.00392e-09)
(0.005,(-0.03 -0.025 0),-1.02166e-09)
(0.005,(-0.03 -0.02 0),-1.07857e-09)
(0.005,(-0.03 -0.015 0),-1.29352e-09)
(0.005,(-0.03 -0.01 0),-1.76872e-09)
(0.005,(-0.03 -0.005 0),-1.84707e-09)
(0.005,(-0.03 0 0),-1.84707e-09)
(0.005,(-0.03 0.005 0),-1.76872e-09)
(0.005,(-0.03 0.01 0),-1.29352e-09)
(0.005,(-0.03 0.015 0),-1.07857e-09)
(0.005,(-0.03 0.02 0),-1.02166e-09)
(0.005,(-0.03 0.025 0),-1.00392e-09)
(0.005,(-0.03 0.03 0),-9.99575e-10)
(0.005,(-0.03 0.035 0),-1.00298e-09)
(0.005,(-0.03 0.04 0),-1.01466e-09)
(0.005,(-0.03 0.045 0),-1.0417e-09)
(0.005,(-0.03 0.05 0),-1.11156e-09)
(0.005,(-0.03 0.055 0),-1.36901e-09)
(0.005,(-0.03 0.06 0),-1.92255e-09)
(0.005,(-0.03 0.065 0),-2.06016e-09)
(0.005,(-0.03 0.07 0),-2.10294e-09)
(0.005,(-0.03 0.075 0),-2.61508e-09)
(0.005,(-0.025 -0.08 0),-2.60769e-09)
(0.005,(-0.025 -0.075 0),-2.09704e-09)
(0.005,(-0.025 -0.07 0),-2.0566e-09)
(0.005,(-0.025 -0.065 0),-1.872e-09)
(0.005,(-0.025 -0.06 0),-1.11218e-09)
(0.005,(-0.025 -0.055 0),-7.30085e-10)
(0.005,(-0.025 -0.05 0),-6.17512e-10)
(0.005,(-0.025 -0.045 0),-5.73878e-10)
(0.005,(-0.025 -0.04 0),-5.55938e-10)
(0.005,(-0.025 -0.035 0),-5.52175e-10)
(0.005,(-0.025 -0.03 0),-5.62052e-10)
(0.005,(-0.025 -0.025 0),-5.95908e-10)
(0.005,(-0.025 -0.02 0),-6.96121e-10)
(0.005,(-0.025 -0.015 0),-1.06949e-09)
(0.005,(-0.025 -0.01 0),-1.83503e-09)
(0.005,(-0.025 -0.005 0),-2.00045e-09)
(0.005,(-0.025 0 0),-2.00045e-09)
(0.005,(-0.025 0.005 0),-1.83503e-09)
(0.005,(-0.025 0.01 0),-1.06949e-09)
(0.005,(-0.025 0.015 0),-6.96121e-10)
(0.005,(-0.025 0.02 0),-5.95908e-10)
(0.005,(-0.025 0.025 0),-5.62052e-10)
(0.005,(-0.025 0.03 0),-5.52175e-10)
(0.005,(-0.025 0.035 0),-5.55938e-10)
(0.005,(-0.025 0.04 0),-5.73878e-10)
(0.005,(-0.025 0.045 0),-6.17512e-10)
(0.005,(-0.025 0.05 0),-7.30085e-10)
(0.005,(-0.025 0.055 0),-1.11218e-09)
(0.005,(-0.025 0.06 0),-1.872e-09)
(0.005,(-0.025 0.065 0),-2.0566e-09)
(0.005,(-0.025 0.07 0),-2.09704e-09)
(0.005,(-0.025 0.075 0),-2.60769e-09)
(0.005,(-0.02 -0.08 0),-2.60281e-09)
(0.005,(-0.02 -0.075 0),-2.09352e-09)
(0.005,(-0.02 -0.07 0),-2.05444e-09)
(0.005,(-0.02 -0.065 0),-1.85892e-09)
(0.005,(-0.02 -0.06 0),-1.04286e-09)
(0.005,(-0.02 -0.055 0),-6.17858e-10)
(0.005,(-0.02 -0.05 0),-4.8516e-10)
(0.005,(-0.02 -0.045 0),-4.32351e-10)
(0.005,(-0.02 -0.04 0),-4.10869e-10)
(0.005,(-0.02 -0.035 0),-4.07291e-10)
(0.005,(-0.02 -0.03 0),-4.2125e-10)
(0.005,(-0.02 -0.025 0),-4.65499e-10)
(0.005,(-0.02 -0.02 0),-5.88452e-10)
(0.005,(-0.02 -0.015 0),-1.0055e-09)
(0.005,(-0.02 -0.01 0),-1.8164e-09)
(0.005,(-0.02 -0.005 0),-1.98856e-09)
(0.005,(-0.02 0 0),-1.98856e-09)
(0.005,(-0.02 0.005 0),-1.8164e-09)
(0.005,(-0.02 0.01 0),-1.0055e-09)
(0.005,(-0.02 0.015 0),-5.88452e-10)
(0.005,(-0.02 0.02 0),-4.65499e-10)
(0.005,(-0.02 0.025 0),-4.2125e-10)
(0.005,(-0.02 0.03 0),-4.07291e-10)
(0.005,(-0.02 0.035 0),-4.10869e-10)
(0.005,(-0.02 0.04 0),-4.32351e-10)
(0.005,(-0.02 0.045 0),-4.8516e-10)
(0.005,(-0.02 0.05 0),-6.17858e-10)
(0.005,(-0.02 0.055 0),-1.04286e-09)
(0.005,(-0.02 0.06 0),-1.85892e-09)
(0.005,(-0.02 0.065 0),-2.05444e-09)
(0.005,(-0.02 0.07 0),-2.09352e-09)
(0.005,(-0.02 0.075 0),-2.60281e-09)
(0.005,(-0.015 -0.08 0),-2.59959e-09)
(0.005,(-0.015 -0.075 0),-2.09135e-09)
(0.005,(-0.015 -0.07 0),-2.0528e-09)
(0.005,(-0.015 -0.065 0),-1.85338e-09)
(0.005,(-0.015 -0.06 0),-1.01611e-09)
(0.005,(-0.015 -0.055 0),-5.7396e-10)
(0.005,(-0.015 -0.05 0),-4.31753e-10)
(0.005,(-0.015 -0.045 0),-3.73959e-10)
(0.005,(-0.015 -0.04 0),-3.50443e-10)
(0.005,(-0.015 -0.035 0),-3.47105e-10)
(0.005,(-0.015 -0.03 0),-3.63685e-10)
(0.005,(-0.015 -0.025 0),-4.13818e-10)
(0.005,(-0.015 -0.02 0),-5.47459e-10)
(0.005,(-0.015 -0.015 0),-9.81462e-10)
(0.005,(-0.015 -0.01 0),-1.81041e-09)
(0.005,(-0.015 -0.005 0),-1.98558e-09)
(0.005,(-0.015 0 0),-1.98558e-09)
(0.005,(-0.015 0.005 0),-1.81041e-09)
(0.005,(-0.015 0.01 0),-9.81462e-10)
(0.005,(-0.015 0.015 0),-5.47459e-10)
(0.005,(-0.015 0.02 0),-4.13818e-10)
(0.005,(-0.015 0.025 0),-3.63685e-10)
(0.005,(-0.015 0.03 0),-3.47105e-10)
(0.005,(-0.015 0.035 0),-3.50443e-10)
(0.005,(-0.015 0.04 0),-3.73959e-10)
(0.005,(-0.015 0.045 0),-4.31753e-10)
(0.005,(-0.015 0.05 0),-5.7396e-10)
(0.005,(-0.015 0.055 0),-1.01611e-09)
(0.005,(-0.015 0.06 0),-1.85338e-09)
(0.005,(-0.015 0.065 0),-2.0528e-09)
(0.005,(-0.015 0.07 0),-2.09135e-09)
(0.005,(-0.015 0.075 0),-2.59959e-09)
(0.005,(-0.01 -0.08 0),-2.5976e-09)
(0.005,(-0.01 -0.075 0),-2.09007e-09)
(0.005,(-0.01 -0.07 0),-2.05175e-09)
(0.005,(-0.01 -0.065 0),-1.85067e-09)
(0.005,(-0.01 -0.06 0),-1.00419e-09)
(0.005,(-0.01 -0.055 0),-5.54554e-10)
(0.005,(-0.01 -0.05 0),-4.07894e-10)
(0.005,(-0.01 -0.045 0),-3.47558e-10)
(0.005,(-0.01 -0.04 0),-3.22962e-10)
(0.005,(-0.01 -0.035 0),-3.19797e-10)
(0.005,(-0.01 -0.03 0),-3.37847e-10)
(0.005,(-0.01 -0.025 0),-3.91e-10)
(0.005,(-0.01 -0.02 0),-5.2954e-10)
(0.005,(-0.01 -0.015 0),-9.7073e-10)
(0.005,(-0.01 -0.01 0),-1.80738e-09)
(0.005,(-0.01 -0.005 0),-1.98385e-09)
(0.005,(-0.01 0 0),-1.98385e-09)
(0.005,(-0.01 0.005 0),-1.80738e-09)
(0.005,(-0.01 0.01 0),-9.7073e-10)
(0.005,(-0.01 0.015 0),-5.2954e-10)
(0.005,(-0.01 0.02 0),-3.91e-10)
(0.005,(-0.01 0.025 0),-3.37847e-10)
(0.005,(-0.01 0.03 0),-3.19797e-10)
(0.005,(-0.01 0.035 0),-3.22962e-10)
(0.005,(-0.01 0.04 0),-3.47558e-10)
(0.005,(-0.01 0.045 0),-4.07894e-10)
(0.005,(-0.01 0.05 0),-5.54554e-10)
(0.005,(-0.01 0.055 0),-1.00419e-09)
(0.005,(-0.01 0.06 0),-1.85067e-09)
(0.005,(-0.01 0.065 0),-2.05175e-09)
(0.005,(-0.01 0.07 0),-2.09007e-09)
(0.005,(-0.01 0.075 0),-2.5976e-09)
(0.005,(-0.005 -0.08 0),-2.59665e-09)
(0.005,(-0.005 -0.075 0),-2.08947e-09)
(0.005,(-0.005 -0.07 0),-2.05125e-09)
(0.005,(-0.005 -0.065 0),-1.8495e-09)
(0.005,(-0.005 -0.06 0),-9.99389e-10)
(0.005,(-0.005 -0.055 0),-5.46817e-10)
(0.005,(-0.005 -0.05 0),-3.98367e-10)
(0.005,(-0.005 -0.045 0),-3.36966e-10)
(0.005,(-0.005 -0.04 0),-3.11906e-10)
(0.005,(-0.005 -0.035 0),-3.08826e-10)
(0.005,(-0.005 -0.03 0),-3.27521e-10)
(0.005,(-0.005 -0.025 0),-3.81937e-10)
(0.005,(-0.005 -0.02 0),-5.22414e-10)
(0.005,(-0.005 -0.015 0),-9.66378e-10)
(0.005,(-0.005 -0.01 0),-1.80608e-09)
(0.005,(-0.005 -0.005 0),-1.98308e-09)
(0.005,(-0.005 0 0),-1.98308e-09)
(0.005,(-0.005 0.005 0),-1.80608e-09)
(0.005,(-0.005 0.01 0),-9.66378e-10)
(0.005,(-0.005 0.015 0),-5.22414e-10)
(0.005,(-0.005 0.02 0),-3.81937e-10)
(0.005,(-0.005 0.025 0),-3.27521e-10)
(0.005,(-0.005 0.03 0),-3.08826e-10)
(0.005,(-0.005 0.035 0),-3.11906e-10)
(0.005,(-0.005 0.04 0),-3.36966e-10)
(0.005,(-0.005 0.045 0),-3.98367e-10)
(0.005,(-0.005 0.05 0),-5.46817e-10)
(0.005,(-0.005 0.055 0),-9.99389e-10)
(0.005,(-0.005 0.06 0),-1.8495e-09)
(0.005,(-0.005 0.065 0),-2.05125e-09)
(0.005,(-0.005 0.07 0),-2.08947e-09)
(0.005,(-0.005 0.075 0),-2.59665e-09)
(0.005,(0 -0.08 0),-2.59665e-09)
(0.005,(0 -0.075 0),-2.08947e-09)
(0.005,(0 -0.07 0),-2.05125e-09)
(0.005,(0 -0.065 0),-1.8495e-09)
(0.005,(0 -0.06 0),-9.99389e-10)
(0.005,(0 -0.055 0),-5.46817e-10)
(0.005,(0 -0.05 0),-3.98367e-10)
(0.005,(0 -0.045 0),-3.36966e-10)
(0.005,(0 -0.04 0),-3.11906e-10)
(0.005,(0 -0.035 0),-3.08826e-10)
(0.005,(0 -0.03 0),-3.27521e-10)
(0.005,(0 -0.025 0),-3.81937e-10)
(0.005,(0 -0.02 0),-5.22414e-10)
(0.005,(0 -0.015 0),-9.66378e-10)
(0.005,(0 -0.01 0),-1.80608e-09)
(0.005,(0 -0.005 0),-1.98308e-09)
(0.005,(0 0 0),-1.98308e-09)
(0.005,(0 0.005 0),-1.80608e-09)
(0.005,(0 0.01 0),-9.66378e-10)
(0.005,(0 0.015 0),-5.22414e-10)
(0.005,(0 0.02 0),-3.81937e-10)
(0.005,(0 0.025 0),-3.27521e-10)
(0.005,(0 0.03 0),-3.08826e-10)
(0.005,(0 0.035 0),-3.11906e-10)
(0.005,(0 0.04 0),-3.36966e-10)
(0.005,(0 0.045 0),-3.98367e-10)
(0.005,(0 0.05 0),-5.46817e-10)
(0.005,(0 0.055 0),-9.99389e-10)
(0.005,(0 0.06 0),-1.8495e-09)
(0.005,(0 0.065 0),-2.05125e-09)
(0.005,(0 0.07 0),-2.08947e-09)
(0.005,(0 0.075 0),-2.59665e-09)
(0.005,(0.005 -0.08 0),-2.5976e-09)
(0.005,(0.005 -0.075 0),-2.09007e-09)
(0.005,(0.005 -0.07 0),-2.05175e-09)
(0.005,(0.005 -0.065 0),-1.85067e-09)
(0.005,(0.005 -0.06 0),-1.00419e-09)
(0.005,(0.005 -0.055 0),-5.54554e-10)
(0.005,(0.005 -0.05 0),-4.07894e-10)
(0.005,(0.005 -0.045 0),-3.47558e-10)
(0.005,(0.005 -0.04 0),-3.22962e-10)
(0.005,(0.005 -0.035 0),-3.19797e-10)
(0.005,(0.005 -0.03 0),-3.37847e-10)
(0.005,(0.005 -0.025 0),-3.91e-10)
(0.005,(0.005 -0.02 0),-5.2954e-10)
(0.005,(0.005 -0.015 0),-9.7073e-10)
(0.005,(0.005 -0.01 0),-1.80738e-09)
(0.005,(0.005 -0.005 0),-1.98385e-09)
(0.005,(0.005 0 0),-1.98385e-09)
(0.005,(0.005 0.005 0),-1.80738e-09)
(0.005,(0.005 0.01 0),-9.7073e-10)
(0.005,(0.005 0.015 0),-5.2954e-10)
(0.005,(0.005 0.02 0),-3.91e-10)
(0.005,(0.005 0.025 0),-3.37847e-10)
(0.005,(0.005 0.03 0),-3.19797e-10)
(0.005,(0.005 0.035 0),-3.22962e-10)
(0.005,(0.005 0.04 0),-3.47558e-10)
(0.005,(0.005 0.045 0),-4.07894e-10)
(0.005,(0.005 0.05 0),-5.54554e-10)
(0.005,(0.005 0.055 0),-1.00419e-09)
(0.005,(0.005 0.06 0),-1.85067e-09)
(0.005,(0.005 0.065 0),-2.05175e-09)
(0.005,(0.005 0.07 0),-2.09007e-09)
(0.005,(0.005 0.075 0),-2.5976e-09)
(0.005,(0.01 -0.08 0),-2.59959e-09)
(0.005,(0.01 -0.075 0),-2.09135e-09)
(0.005,(0.01 -0.07 0),-2.0528e-09)
(0.005,(0.01 -0.065 0),-1.85338e-09)
(0.005,(0.01 -0.06 0),-1.01611e-09)
(0.005,(0.01 -0.055 0),-5.7396e-10)
(0.005,(0.01 -0.05 0),-4.31753e-10)
(0.005,(0.01 -0.045 0),-3.73959e-10)
(0.005,(0.01 -0.04 0),-3.50443e-10)
(0.005,(0.01 -0.035 0),-3.47105e-10)
(0.005,(0.01 -0.03 0),-3.63685e-10)
(0.005,(0.01 -0.025 0),-4.13818e-10)
(0.005,(0.01 -0.02 0),-5.47459e-10)
(0.005,(0.01 -0.015 0),-9.81462e-10)
(0.005,(0.01 -0.01 0),-1.81041e-09)
(0.005,(0.01 -0.005 0),-1.98558e-09)
(0.005,(0.01 0 0),-1.98558e-09)
(0.005,(0.01 0.005 0),-1.81041e-09)
(0.005,(0.01 0.01 0),-9.81462e-10)
(0.005,(0.01 0.015 0),-5.47459e-10)
(0.005,(0.01 0.02 0),-4.13818e-10)
(0.005,(0.01 0.025 0),-3.63685e-10)
(0.005,(0.01 0.03 0),-3.47105e-10)
(0.005,(0.01 0.035 0),-3.50443e-10)
(0.005,(0.01 0.04 0),-3.73959e-10)
(0.005,(0.01 0.045 0),-4.31753e-10)
(0.005,(0.01 0.05 0),-5.7396e-10)
(0.005,(0.01 0.055 0),-1.01611e-09)
(0.005,(0.01 0.06 0),-1.85338e-09)
(0.005,(0.01 0.065 0),-2.0528e-09)
(0.005,(0.01 0.07 0),-2.09135e-09)
(0.005,(0.01 0.075 0),-2.59959e-09)
(0.005,(0.015 -0.08 0),-2.60281e-09)
(0.005,(0.015 -0.075 0),-2.09352e-09)
(0.005,(0.015 -0.07 0),-2.05444e-09)
(0.005,(0.015 -0.065 0),-1.85892e-09)
(0.005,(0.015 -0.06 0),-1.04286e-09)
(0.005,(0.015 -0.055 0),-6.17858e-10)
(0.005,(0.015 -0.05 0),-4.8516e-10)
(0.005,(0.015 -0.045 0),-4.32351e-10)
(0.005,(0.015 -0.04 0),-4.10869e-10)
(0.005,(0.015 -0.035 0),-4.07291e-10)
(0.005,(0.015 -0.03 0),-4.2125e-10)
(0.005,(0.015 -0.025 0),-4.65499e-10)
(0.005,(0.015 -0.02 0),-5.88452e-10)
(0.005,(0.015 -0.015 0),-1.0055e-09)
(0.005,(0.015 -0.01 0),-1.8164e-09)
(0.005,(0.015 -0.005 0),-1.98856e-09)
(0.005,(0.015 0 0),-1.98856e-09)
(0.005,(0.015 0.005 0),-1.8164e-09)
(0.005,(0.015 0.01 0),-1.0055e-09)
(0.005,(0.015 0.015 0),-5.88452e-10)
(0.005,(0.015 0.02 0),-4.65499e-10)
(0.005,(0.015 0.025 0),-4.2125e-10)
(0.005,(0.015 0.03 0),-4.07291e-10)
(0.005,(0.015 0.035 0),-4.10869e-10)
(0.005,(0.015 0.04 0),-4.32351e-10)
(0.005,(0.015 0.045 0),-4.8516e-10)
(0.005,(0.015 0.05 0),-6.17858e-10)
(0.005,(0.015 0.055 0),-1.04286e-09)
(0.005,(0.015 0.06 0),-1.85892e-09)
(0.005,(0.015 0.065 0),-2.05444e-09)
(0.005,(0.015 0.07 0),-2.09352e-09)
(0.005,(0.015 0.075 0),-2.60281e-09)
(0.005,(0.02 -0.08 0),-2.60769e-09)
(0.005,(0.02 -0.075 0),-2.09704e-09)
(0.005,(0.02 -0.07 0),-2.0566e-09)
(0.005,(0.02 -0.065 0),-1.872e-09)
(0.005,(0.02 -0.06 0),-1.11218e-09)
(0.005,(0.02 -0.055 0),-7.30085e-10)
(0.005,(0.02 -0.05 0),-6.17512e-10)
(0.005,(0.02 -0.045 0),-5.73878e-10)
(0.005,(0.02 -0.04 0),-5.55938e-10)
(0.005,(0.02 -0.035 0),-5.52175e-10)
(0.005,(0.02 -0.03 0),-5.62052e-10)
(0.005,(0.02 -0.025 0),-5.95908e-10)
(0.005,(0.02 -0.02 0),-6.96121e-10)
(0.005,(0.02 -0.015 0),-1.06949e-09)
(0.005,(0.02 -0.01 0),-1.83503e-09)
(0.005,(0.02 -0.005 0),-2.00045e-09)
(0.005,(0.02 0 0),-2.00045e-09)
(0.005,(0.02 0.005 0),-1.83503e-09)
(0.005,(0.02 0.01 0),-1.06949e-09)
(0.005,(0.02 0.015 0),-6.96121e-10)
(0.005,(0.02 0.02 0),-5.95908e-10)
(0.005,(0.02 0.025 0),-5.62052e-10)
(0.005,(0.02 0.03 0),-5.52175e-10)
(0.005,(0.02 0.035 0),-5.55938e-10)
(0.005,(0.02 0.04 0),-5.73878e-10)
(0.005,(0.02 0.045 0),-6.17512e-10)
(0.005,(0.02 0.05 0),-7.30085e-10)
(0.005,(0.02 0.055 0),-1.11218e-09)
(0.005,(0.02 0.06 0),-1.872e-09)
(0.005,(0.02 0.065 0),-2.0566e-09)
(0.005,(0.02 0.07 0),-2.09704e-09)
(0.005,(0.02 0.075 0),-2.60769e-09)
(0.005,(0.025 -0.08 0),-2.61508e-09)
(0.005,(0.025 -0.075 0),-2.10294e-09)
(0.005,(0.025 -0.07 0),-2.06016e-09)
(0.005,(0.025 -0.065 0),-1.92255e-09)
(0.005,(0.025 -0.06 0),-1.36901e-09)
(0.005,(0.025 -0.055 0),-1.11156e-09)
(0.005,(0.025 -0.05 0),-1.0417e-09)
(0.005,(0.025 -0.045 0),-1.01466e-09)
(0.005,(0.025 -0.04 0),-1.00298e-09)
(0.005,(0.025 -0.035 0),-9.99575e-10)
(0.005,(0.025 -0.03 0),-1.00392e-09)
(0.005,(0.025 -0.025 0),-1.02166e-09)
(0.005,(0.025 -0.02 0),-1.07857e-09)
(0.005,(0.025 -0.015 0),-1.29352e-09)
(0.005,(0.025 -0.01 0),-1.76872e-09)
(0.005,(0.025 -0.005 0),-1.84707e-09)
(0.005,(0.025 0 0),-1.84707e-09)
(0.005,(0.025 0.005 0),-1.76872e-09)
(0.005,(0.025 0.01 0),-1.29352e-09)
(0.005,(0.025 0.015 0),-1.07857e-09)
(0.005,(0.025 0.02 0),-1.02166e-09)
(0.005,(0.025 0.025 0),-1.00392e-09)
(0.005,(0.025 0.03 0),-9.99575e-10)
(0.005,(0.025 0.035 0),-1.00298e-09)
(0.005,(0.025 0.04 0),-1.01466e-09)
(0.005,(0.025 0.045 0),-1.0417e-09)
(0.005,(0.025 0.05 0),-1.11156e-09)
(0.005,(0.025 0.055 0),-1.36901e-09)
(0.005,(0.025 0.06 0),-1.92255e-09)
(0.005,(0.025 0.065 0),-2.06016e-09)
(0.005,(0.025 0.07 0),-2.10294e-09)
(0.005,(0.025 0.075 0),-2.61508e-09)
(0.005,(0.03 -0.08 0),-2.62697e-09)
(0.005,(0.03 -0.075 0),-2.11352e-09)
(0.005,(0.03 -0.07 0),-2.06764e-09)
(0.005,(0.03 -0.065 0),-2.02003e-09)
(0.005,(0.03 -0.06 0),-1.92194e-09)
(0.005,(0.03 -0.055 0),-1.87072e-09)
(0.005,(0.03 -0.05 0),-1.85687e-09)
(0.005,(0.03 -0.045 0),-1.85048e-09)
(0.005,(0.03 -0.04 0),-1.84678e-09)
(0.005,(0.03 -0.035 0),-1.84458e-09)
(0.005,(0.03 -0.03 0),-1.84372e-09)
(0.005,(0.03 -0.025 0),-1.84498e-09)
(0.005,(0.03 -0.02 0),-1.85747e-09)
(0.005,(0.03 -0.015 0),-1.782e-09)
(0.005,(0.03 -0.01 0),-1.31628e-09)
(0.005,(0.03 -0.005 0),-1.12184e-09)
(0.005,(0.03 0 0),-1.12184e-09)
(0.005,(0.03 0.005 0),-1.31628e-09)
(0.005,(0.03 0.01 0),-1.782e-09)
(0.005,(0.03 0.015 0),-1.85747e-09)
(0.005,(0.03 0.02 0),-1.84498e-09)
(0.005,(0.03 0.025 0),-1.84372e-09)
(0.005,(0.03 0.03 0),-1.84458e-09)
(0.005,(0.03 0.035 0),-1.84678e-09)
(0.005,(0.03 0.04 0),-1.85048e-09)
(0.005,(0.03 0.045 0),-1.85687e-09)
(0.005,(0.03 0.05 0),-1.87072e-09)
(0.005,(0.03 0.055 0),-1.92194e-09)
(0.005,(0.03 0.06 0),-2.02003e-09)
(0.005,(0.03 0.065 0),-2.06764e-09)
(0.005,(0.03 0.07 0),-2.11352e-09)
(0.005,(0.03 0.075 0),-2.62697e-09)
(0.005,(0.035 -0.08 0),-2.64882e-09)
(0.005,(0.035 -0.075 0),-2.13486e-09)
(0.005,(0.035 -0.07 0),-2.08898e-09)
(0.005,(0.035 -0.065 0),-2.06704e-09)
(0.005,(0.035 -0.06 0),-2.05893e-09)
(0.005,(0.035 -0.055 0),-2.05465e-09)
(0.005,(0.035 -0.05 0),-2.05166e-09)
(0.005,(0.035 -0.045 0),-2.049e-09)
(0.005,(0.035 -0.04 0),-2.04672e-09)
(0.005,(0.035 -0.035 0),-2.04471e-09)
(0.005,(0.035 -0.03 0),-2.04296e-09)
(0.005,(0.035 -0.025 0),-2.04143e-09)
(0.005,(0.035 -0.02 0),-2.04751e-09)
(0.005,(0.035 -0.015 0),-1.88226e-09)
(0.005,(0.035 -0.01 0),-1.13191e-09)
(0.005,(0.035 -0.005 0),-7.96596e-10)
(0.005,(0.035 0 0),-7.96596e-10)
(0.005,(0.035 0.005 0),-1.13191e-09)
(0.005,(0.035 0.01 0),-1.88226e-09)
(0.005,(0.035 0.015 0),-2.04751e-09)
(0.005,(0.035 0.02 0),-2.04143e-09)
(0.005,(0.035 0.025 0),-2.04296e-09)
(0.005,(0.035 0.03 0),-2.04471e-09)
(0.005,(0.035 0.035 0),-2.04672e-09)
(0.005,(0.035 0.04 0),-2.049e-09)
(0.005,(0.035 0.045 0),-2.05166e-09)
(0.005,(0.035 0.05 0),-2.05465e-09)
(0.005,(0.035 0.055 0),-2.05893e-09)
(0.005,(0.035 0.06 0),-2.06704e-09)
(0.005,(0.035 0.065 0),-2.08898e-09)
(0.005,(0.035 0.07 0),-2.13486e-09)
(0.005,(0.035 0.075 0),-2.64882e-09)
(0.005,(0.04 -0.08 0),-2.68954e-09)
(0.005,(0.04 -0.075 0),-2.17674e-09)
(0.005,(0.04 -0.07 0),-2.13426e-09)
(0.005,(0.04 -0.065 0),-2.11229e-09)
(0.005,(0.04 -0.06 0),-2.10104e-09)
(0.005,(0.04 -0.055 0),-2.09437e-09)
(0.005,(0.04 -0.05 0),-2.08993e-09)
(0.005,(0.04 -0.045 0),-2.08665e-09)
(0.005,(0.04 -0.04 0),-2.08404e-09)
(0.005,(0.04 -0.035 0),-2.08184e-09)
(0.005,(0.04 -0.03 0),-2.08002e-09)
(0.005,(0.04 -0.025 0),-2.07871e-09)
(0.005,(0.04 -0.02 0),-2.08635e-09)
(0.005,(0.04 -0.015 0),-1.9126e-09)
(0.005,(0.04 -0.01 0),-1.11739e-09)
(0.005,(0.04 -0.005 0),-7.54113e-10)
(0.005,(0.04 0 0),-7.54113e-10)
(0.005,(0.04 0.005 0),-1.11739e-09)
(0.005,(0.04 0.01 0),-1.9126e-09)
(0.005,(0.04 0.015 0),-2.08635e-09)
(0.005,(0.04 0.02 0),-2.07871e-09)
(0.005,(0.04 0.025 0),-2.08002e-09)
(0.005,(0.04 0.03 0),-2.08184e-09)
(0.005,(0.04 0.035 0),-2.08404e-09)
(0.005,(0.04 0.04 0),-2.08665e-09)
(0.005,(0.04 0.045 0),-2.08993e-09)
(0.005,(0.04 0.05 0),-2.09437e-09)
(0.005,(0.04 0.055 0),-2.10104e-09)
(0.005,(0.04 0.06 0),-2.11229e-09)
(0.005,(0.04 0.065 0),-2.13426e-09)
(0.005,(0.04 0.07 0),-2.17674e-09)
(0.005,(0.04 0.075 0),-2.68954e-09)
(0.005,(0.045 -0.08 0),-3.15455e-09)
(0.005,(0.045 -0.075 0),-2.68722e-09)
(0.005,(0.045 -0.07 0),-2.64509e-09)
(0.005,(0.045 -0.065 0),-2.62173e-09)
(0.005,(0.045 -0.06 0),-2.6081e-09)
(0.005,(0.045 -0.055 0),-2.59862e-09)
(0.005,(0.045 -0.05 0),-2.59116e-09)
(0.005,(0.045 -0.045 0),-2.58464e-09)
(0.005,(0.045 -0.04 0),-2.57829e-09)
(0.005,(0.045 -0.035 0),-2.57133e-09)
(0.005,(0.045 -0.03 0),-2.56261e-09)
(0.005,(0.045 -0.025 0),-2.54962e-09)
(0.005,(0.045 -0.02 0),-2.53138e-09)
(0.005,(0.045 -0.015 0),-2.33255e-09)
(0.005,(0.045 -0.01 0),-1.55932e-09)
(0.005,(0.045 -0.005 0),-1.21106e-09)
(0.005,(0.045 0 0),-1.21106e-09)
(0.005,(0.045 0.005 0),-1.55932e-09)
(0.005,(0.045 0.01 0),-2.33255e-09)
(0.005,(0.045 0.015 0),-2.53138e-09)
(0.005,(0.045 0.02 0),-2.54962e-09)
(0.005,(0.045 0.025 0),-2.56261e-09)
(0.005,(0.045 0.03 0),-2.57133e-09)
(0.005,(0.045 0.035 0),-2.57829e-09)
(0.005,(0.045 0.04 0),-2.58464e-09)
(0.005,(0.045 0.045 0),-2.59116e-09)
(0.005,(0.045 0.05 0),-2.59862e-09)
(0.005,(0.045 0.055 0),-2.6081e-09)
(0.005,(0.045 0.06 0),-2.62173e-09)
(0.005,(0.045 0.065 0),-2.64509e-09)
(0.005,(0.045 0.07 0),-2.68722e-09)
(0.005,(0.045 0.075 0),-3.15455e-09)
TOPLAYER
368,0.5
(0.005,(-0.05 -0.08 0.005),3.32644e-09)
(0.005,(-0.05 -0.075 0.005),2.80156e-09)
(0.005,(-0.05 -0.07 0.005),2.7627e-09)
(0.005,(-0.05 -0.065 0.005),2.74702e-09)
(0.005,(-0.05 -0.06 0.005),2.74388e-09)
(0.005,(-0.05 -0.055 0.005),2.74612e-09)
(0.005,(-0.05 -0.05 0.005),2.75078e-09)
(0.005,(-0.05 -0.045 0.005),2.75672e-09)
(0.005,(-0.05 -0.04 0.005),2.76399e-09)
(0.005,(-0.05 -0.035 0.005),2.77386e-09)
(0.005,(-0.05 -0.03 0.005),2.78979e-09)
(0.005,(-0.05 -0.025 0.005),2.82191e-09)
(0.005,(-0.05 -0.02 0.005),2.88405e-09)
(0.005,(-0.05 -0.015 0.005),3.76372e-09)
(0.005,(-0.05 0.01 0.005),3.76372e-09)
(0.005,(-0.05 0.015 0.005),2.88405e-09)
(0.005,(-0.05 0.02 0.005),2.82191e-09)
(0.005,(-0.05 0.025 0.005),2.78979e-09)
(0.005,(-0.05 0.03 0.005),2.77386e-09)
(0.005,(-0.05 0.035 0.005),2.76399e-09)
(0.005,(-0.05 0.04 0.005),2.75672e-09)
(0.005,(-0.05 0.045 0.005),2.75078e-09)
(0.005,(-0.05 0.05 0.005),2.74612e-09)
(0.005,(-0.05 0.055 0.005),2.74388e-09)
(0.005,(-0.05 0.06 0.005),2.74702e-09)
(0.005,(-0.05 0.065 0.005),2.7627e-09)
(0.005,(-0.05 0.07 0.005),2.80156e-09)
(0.005,(-0.05 0.075 0.005),3.32644e-09)
(0.005,(-0.045 -0.08 0.005),2.7994e-09)
(0.005,(-0.045 -0.075 0.005),2.23161e-09)
(0.005,(-0.045 -0.07 0.005),2.1954e-09)
(0.005,(-0.045 -0.065 0.005),2.18342e-09)
(0.005,(-0.045 -0.06 0.005),2.1852e-09)
(0.005,(-0.045 -0.055 0.005),2.19132e-09)
(0.005,(-0.045 -0.05 0.005),2.19778e-09)
(0.005,(-0.045 -0.045 0.005),2.20335e-09)
(0.005,(-0.045 -0.04 0.005),2.20808e-09)
(0.005,(-0.045 -0.035 0.005),2.21289e-09)
(0.005,(-0.045 -0.03 0.005),2.22e-09)
(0.005,(-0.045 -0.025 0.005),2.23687e-09)
(0.005,(-0.045 -0.02 0.005),2.26673e-09)
(0.005,(-0.045 -0.015 0.005),3.1807e-09)
(0.005,(-0.045 0.01 0.005),3.1807e-09)
(0.005,(-0.045 0.015 0.005),2.26673e-09)
(0.005,(-0.045 0.02 0.005),2.23687e-09)
(0.005,(-0.045 0.025 0.005),2.22e-09)
(0.005,(-0.045 0.03 0.005),2.21289e-09)
(0.005,(-0.045 0.035 0.005),2.20808e-09)
(0.005,(-0.045 0.04 0.005),2.20335e-09)
(0.005,(-0.045 0.045 0.005),2.19778e-09)
(0.005,(-0.045 0.05 0.005),2.19132e-09)
(0.005,(-0.045 0.055 0.005),2.1852e-09)
(0.005,(-0.045 0.06 0.005),2.18342e-09)
(0.005,(-0.045 0.065 0.005),2.1954e-09)
(0.005,(-0.045 0.07 0.005),2.23161e-09)
(0.005,(-0.045 0.075 0.005),2.7994e-09)
(0.005,(-0.04 -0.08 0.005),2.75929e-09)
(0.005,(-0.04 -0.075 0.005),2.19494e-09)
(0.005,(-0.04 -0.07 0.005),2.16055e-09)
(0.005,(-0.04 -0.065 0.005),2.15755e-09)
(0.005,(-0.04 -0.06 0.005),2.16703e-09)
(0.005,(-0.04 -0.055 0.005),2.18454e-09)
(0.005,(-0.04 -0.05 0.005),2.19925e-09)
(0.005,(-0.04 -0.045 0.005),2.20958e-09)
(0.005,(-0.04 -0.04 0.005),2.21626e-09)
(0.005,(-0.04 -0.035 0.005),2.22074e-09)
(0.005,(-0.04 -0.03 0.005),2.22511e-09)
(0.005,(-0.04 -0.025 0.005),2.2358e-09)
(0.005,(-0.04 -0.02 0.005),2.25513e-09)
(0.005,(-0.04 -0.015 0.005),3.10373e-09)
(0.005,(-0.04 0.01 0.005),3.10373e-09)
(0.005,(-0.04 0.015 0.005),2.25513e-09)
(0.005,(-0.04 0.02 0.005),2.2358e-09)
(0.005,(-0.04 0.025 0.005),2.22511e-09)
(0.005,(-0.04 0.03 0.005),2.22074e-09)
(0.005,(-0.04 0.035 0.005),2.21626e-09)
(0.005,(-0.04 0.04 0.005),2.20958e-09)
(0.005,(-0.04 0.045 0.005),2.19925e-09)
(0.005,(-0.04 0.05 0.005),2.18454e-09)
(0.005,(-0.04 0.055 0.005),2.16703e-09)
(0.005,(-0.04 0.06 0.005),2.15755e-09)
(0.005,(-0.04 0.065 0.005),2.16055e-09)
(0.005,(-0.04 0.07 0.005),2.19494e-09)
(0.005,(-0.04 0.075 0.005),2.75929e-09)
(0.005,(-0.035 -0.08 0.005),2.74227e-09)
(0.005,(-0.035 -0.075 0.005),2.18249e-09)
(0.005,(-0.035 -0.07 0.005),2.15713e-09)
(0.005,(-0.035 -0.065 0.005),2.27589e-09)
(0.005,(-0.035 -0.06 0.005),2.78176e-09)
(0.005,(-0.035 -0.055 0.005),3.04048e-09)
(0.005,(-0.035 -0.05 0.005),3.1319e-09)
(0.005,(-0.035 -0.045 0.005),3.17281e-09)
(0.005,(-0.035 -0.04 0.005),3.19137e-09)
(0.005,(-0.035 -0.035 0.005),3.19669e-09)
(0.005,(-0.035 -0.03 0.005),3.19088e-09)
(0.005,(-0.035 -0.025 0.005),3.17192e-09)
(0.005,(-0.035 -0.02 0.005),3.11629e-09)
(0.005,(-0.035 -0.015 0.005),3.5162e-09)
(0.005,(-0.035 0.01 0.005),3.5162e-09)
(0.005,(-0.035 0.015 0.005),3.11629e-09)
(0.005,(-0.035 0.02 0.005),3.17192e-09)
(0.005,(-0.035 0.025 0.005),3.19088e-09)
(0.005,(-0.035 0.03 0.005),3.19669e-09)
(0.005,(-0.035 0.035 0.005),3.19137e-09)
(0.005,(-0.035 0.04 0.005),3.17281e-09)
(0.005,(-0.035 0.045 0.005),3.1319e-09)
(0.005,(-0.035 0.05 0.005),3.04048e-09)
(0.005,(-0.035 0.055 0.005),2.78176e-09)
(0.005,(-0.035 0.06 0.005),2.27589e-09)
(0.005,(-0.035 0.065 0.005),2.15713e-09)
(0.005,(-0.035 0.07 0.005),2.18249e-09)
(0.005,(-0.035 0.075 0.005),2.74227e-09)
(0.005,(-0.03 -0.08 0.005),2.73754e-09)
(0.005,(-0.03 -0.075 0.005),2.18378e-09)
(0.005,(-0.03 -0.07 0.005),2.16622e-09)
(0.005,(-0.03 -0.065 0.005),2.78145e-09)
(0.005,(-0.03 -0.01 0.005),3.51086e-09)
(0.005,(-0.03 -0.005 0.005),3.07337e-09)
(0.005,(-0.03 0 0.005),3.07337e-09)
(0.005,(-0.03 0.005 0.005),3.51086e-09)
(0.005,(-0.03 0.06 0.005),2.78145e-09)
(0.005,(-0.03 0.065 0.005),2.16622e-09)
(0.005,(-0.03 0.07 0.005),2.18378e-09)
(0.005,(-0.03 0.075 0.005),2.73754e-09)
(0.005,(-0.025 -0.08 0.005),2.7378e-09)
(0.005,(-0.025 -0.075 0.005),2.18932e-09)
(0.005,(-0.025 -0.07 0.005),2.18335e-09)
(0.005,(-0.025 -0.065 0.005),3.04001e-09)
(0.005,(-0.025 -0.01 0.005),3.11575e-09)
(0.005,(-0.025 -0.005 0.005),2.25053e-09)
(0.005,(-0.025 0 0.005),2.25053e-09)
(0.005,(-0.025 0.005 0.005),3.11575e-09)
(0.005,(-0.025 0.06 0.005),3.04001e-09)
(0.005,(-0.025 0.065 0.005),2.18335e-09)
(0.005,(-0.025 0.07 0.005),2.18932e-09)
(0.005,(-0.025 0.075 0.005),2.7378e-09)
(0.005,(-0.02 -0.08 0.005),2.73985e-09)
(0.005,(-0.02 -0.075 0.005),2.19504e-09)
(0.005,(-0.02 -0.07 0.005),2.19764e-09)
(0.005,(-0.02 -0.065 0.005),3.13159e-09)
(0.005,(-0.02 -0.01 0.005),3.17699e-09)
(0.005,(-0.02 -0.005 0.005),2.24115e-09)
(0.005,(-0.02 0 0.005),2.24115e-09)
(0.005,(-0.02 0.005 0.005),3.17699e-09)
(0.005,(-0.02 0.06 0.005),3.13159e-09)
(0.005,(-0.02 0.065 0.005),2.19764e-09)
(0.005,(-0.02 0.07 0.005),2.19504e-09)
(0.005,(-0.02 0.075 0.005),2.73985e-09)
(0.005,(-0.015 -0.08 0.005),2.74212e-09)
(0.005,(-0.015 -0.075 0.005),2.1995e-09)
(0.005,(-0.015 -0.07 0.005),2.20742e-09)
(0.005,(-0.015 -0.065 0.005),3.17323e-09)
(0.005,(-0.015 -0.01 0.005),3.2029e-09)
(0.005,(-0.015 -0.005 0.005),2.23873e-09)
(0.005,(-0.015 0 0.005),2.23873e-09)
(0.005,(-0.015 0.005 0.005),3.2029e-09)
(0.005,(-0.015 0.06 0.005),3.17323e-09)
(0.005,(-0.015 0.065 0.005),2.20742e-09)
(0.005,(-0.015 0.07 0.005),2.1995e-09)
(0.005,(-0.015 0.075 0.005),2.74212e-09)
(0.005,(-0.01 -0.08 0.005),2.74387e-09)
(0.005,(-0.01 -0.075 0.005),2.20241e-09)
(0.005,(-0.01 -0.07 0.005),2.21321e-09)
(0.005,(-0.01 -0.065 0.005),3.19341e-09)
(0.005,(-0.01 -0.01 0.005),3.21725e-09)
(0.005,(-0.01 -0.005 0.005),2.24116e-09)
(0.005,(-0.01 0 0.005),2.24116e-09)
(0.005,(-0.01 0.005 0.005),3.21725e-09)
(0.005,(-0.01 0.06 0.005),3.19341e-09)
(0.005,(-0.01 0.065 0.005),2.21321e-09)
(0.005,(-0.01 0.07 0.005),2.20241e-09)
(0.005,(-0.01 0.075 0.005),2.74387e-09)
(0.005,(-0.005 -0.08 0.005),2.7448e-09)
(0.005,(-0.005 -0.075 0.005),2.20383e-09)
(0.005,(-0.005 -0.07 0.005),2.21588e-09)
(0.005,(-0.005 -0.065 0.005),3.20185e-09)
(0.005,(-0.005 -0.01 0.005),3.22362e-09)
(0.005,(-0.005 -0.005 0.005),2.24289e-09)
(0.005,(-0.005 0 0.005),2.24289e-09)
(0.005,(-0.005 0.005 0.005),3.22362e-09)
(0.005,(-0.005 0.06 0.005),3.20185e-09)
(0.005,(-0.005 0.065 0.005),2.21588e-09)
(0.005,(-0.005 0.07 0.005),2.20383e-09)
(0.005,(-0.005 0.075 0.005),2.7448e-09)
(0.005,(0 -0.08 0.005),2.7448e-09)
(0.005,(0 -0.075 0.005),2.20383e-09)
(0.005,(0 -0.07 0.005),2.21588e-09)
(0.005,(0 -0.065 0.005),3.20185e-09)
(0.005,(0 -0.01 0.005),3.22362e-09)
(0.005,(0 -0.005 0.005),2.24289e-09)
(0.005,(0 0 0.005),2.24289e-09)
(0.005,(0 0.005 0.005),3.22362e-09)
(0.005,(0 0.06 0.005),3.20185e-09)
(0.005,(0 0.065 0.005),2.21588e-09)
(0.005,(0 0.07 0.005),2.20383e-09)
(0.005,(0 0.075 0.005),2.7448e-09)
(0.005,(0.005 -0.08 0.005),2.74387e-09)
(0.005,(0.005 -0.075 0.005),2.20241e-09)
(0.005,(0.005 -0.07 0.005),2.21321e-09)
(0.005,(0.005 -0.065 0.005),3.19341e-09)
(0.005,(0.005 -0.01 0.005),3.21725e-09)
(0.005,(0.005 -0.005 0.005),2.24116e-09)
(0.005,(0.005 0 0.005),2.24116e-09)
(0.005,(0.005 0.005 0.005),3.21725e-09)
(0.005,(0.005 0.06 0.005),3.19341e-09)
(0.005,(0.005 0.065 0.005),2.21321e-09)
(0.005,(0.005 0.07 0.005),2.20241e-09)
(0.005,(0.005 0.075 0.005),2.74387e-09)
(0.005,(0.01 -0.08 0.005),2.74212e-09)
(0.005,(0.01 -0.075 0.005),2.1995e-09)
(0.005,(0.01 -0.07 0.005),2.20742e-09)
(0.005,(0.01 -0.065 0.005),3.17323e-09)
(0.005,(0.01 -0.01 0.005),3.2029e-09)
(0.005,(0.01 -0.005 0.005),2.23873e-09)
(0.005,(0.01 0 0.005),2.23873e-09)
(0.005,(0.01 0.005 0.005),3.2029e-09)
(0.005,(0.01 0.06 0.005),3.17323e-09)
(0.005,(0.01 0.065 0.005),2.20742e-09)
(0.005,(0.01 0.07 0.005),2.1995e-09)
(0.005,(0.01 0.075 0.005),2.74212e-09)
(0.005,(0.015 -0.08 0.005),2.73985e-09)
(0.005,(0.015 -0.075 0.005),2.19504e-09)
(0.005,(0.015 -0.07 0.005),2.19764e-09)
(0.005,(0.015 -0.065 0.005),3.13159e-09)
(0.005,(0.015 -0.01 0.005),3.17699e-09)
(0.005,(0.015 -0.005 0.005),2.24115e-09)
(0.005,(0.015 0 0.005),2.24115e-09)
(0.005,(0.015 0.005 0.005),3.17699e-09)
(0.005,(0.015 0.06 0.005),3.13159e-09)
(0.005,(0.015 0.065 0.005),2.19764e-09)
(0.005,(0.015 0.07 0.005),2.19504e-09)
(0.005,(0.015 0.075 0.005),2.73985e-09)
(0.005,(0.02 -0.08 0.005),2.7378e-09)
(0.005,(0.02 -0.075 0.005),2.18932e-09)
(0.005,(0.02 -0.07 0.005),2.18335e-09)
(0.005,(0.02 -0.065 0.005),3.04001e-09)
(0.005,(0.02 -0.01 0.005),3.11575e-09)
(0.005,(0.02 -0.005 0.005),2.25053e-09)
(0.005,(0.02 0 0.005),2.25053e-09)
(0.005,(0.02 0.005 0.005),3.11575e-09)
(0.005,(0.02 0.06 0.005),3.04001e-09)
(0.005,(0.02 0.065 0.005),2.18335e-09)
(0.005,(0.02 0.07 0.005),2.18932e-09)
(0.005,(0.02 0.075 0.005),2.7378e-09)
(0.005,(0.025 -0.08 0.005),2.73754e-09)
(0.005,(0.025 -0.075 0.005),2.18378e-09)
(0.005,(0.025 -0.07 0.005),2.16622e-09)
(0.005,(0.025 -0.065 0.005),2.78145e-09)
(0.005,(0.025 -0.01 0.005),3.51086e-09)
(0.005,(0.025 -0.005 0.005),3.07337e-09)
(0.005,(0.025 0 0.005),3.07337e-09)
(0.005,(0.025 0.005 0.005),3.51086e-09)
(0.005,(0.025 0.06 0.005),2.78145e-09)
(0.005,(0.025 0.065 0.005),2.16622e-09)
(0.005,(0.025 0.07 0.005),2.18378e-09)
(0.005,(0.025 0.075 0.005),2.73754e-09)
(0.005,(0.03 -0.08 0.005),2.74227e-09)
(0.005,(0.03 -0.075 0.005),2.18249e-09)
(0.005,(0.03 -0.07 0.005),2.15713e-09)
(0.005,(0.03 -0.065 0.005),2.27589e-09)
(0.005,(0.03 -0.06 0.005),2.78176e-09)
(0.005,(0.03 -0.055 0.005),3.04048e-09)
(0.005,(0.03 -0.05 0.005),3.1319e-09)
(0.005,(0.03 -0.045 0.005),3.17281e-09)
(0.005,(0.03 -0.04 0.005),3.19137e-09)
(0.005,(0.03 -0.035 0.005),3.19669e-09)
(0.005,(0.03 -0.03 0.005),3.19088e-09)
(0.005,(0.03 -0.025 0.005),3.17192e-09)
(0.005,(0.03 -0.02 0.005),3.11629e-09)
(0.005,(0.03 -0.015 0.005),3.5162e-09)
(0.005,(0.03 0.01 0.005),3.5162e-09)
(0.005,(0.03 0.015 0.005),3.11629e-09)
(0.005,(0.03 0.02 0.005),3.17192e-09)
(0.005,(0.03 0.025 0.005),3.19088e-09)
(0.005,(0.03 0.03 0.005),3.19669e-09)
(0.005,(0.03 0.035 0.005),3.19137e-09)
(0.005,(0.03 0.04 0.005),3.17281e-09)
(0.005,(0.03 0.045 0.005),3.1319e-09)
(0.005,(0.03 0.05 0.005),3.04048e-09)
(0.005,(0.03 0.055 0.005),2.78176e-09)
(0.005,(0.03 0.06 0.005),2.27589e-09)
(0.005,(0.03 0.065 0.005),2.15713e-09)
(0.005,(0.03 0.07 0.005),2.18249e-09)
(0.005,(0.03 0.075 0.005),2.74227e-09)
(0.005,(0.035 -0.08 0.005),2.75929e-09)
(0.005,(0.035 -0.075 0.005),2.19494e-09)
(0.005,(0.035 -0.07 0.005),2.16055e-09)
(0.005,(0.035 -0.065 0.005),2.15755e-09)
(0.005,(0.035 -0.06 0.005),2.16703e-09)
(0.005,(0.035 -0.055 0.005),2.18454e-09)
(0.005,(0.035 -0.05 0.005),2.19925e-09)
(0.005,(0.035 -0.045 0.005),2.20958e-09)
(0.005,(0.035 -0.04 0.005),2.21626e-09)
(0.005,(0.035 -0.035 0.005),2.22074e-09)
(0.005,(0.035 -0.03 0.005),2.22511e-09)
(0.005,(0.035 -0.025 0.005),2.2358e-09)
(0.005,(0.035 -0.02 0.005),2.25513e-09)
(0.005,(0.035 -0.015 0.005),3.10373e-09)
(0.005,(0.035 0.01 0.005),3.10373e-09)
(0.005,(0.035 0.015 0.005),2.25513e-09)
(0.005,(0.035 0.02 0.005),2.2358e-09)
(0.005,(0.035 0.025 0.005),2.22511e-09)
(0.005,(0.035 0.03 0.005),2.22074e-09)
(0.005,(0.035 0.035 0.005),2.21626e-09)
(0.005,(0.035 0.04 0.005),2.20958e-09)
(0.005,(0.035 0.045 0.005),2.19925e-09)
(0.005,(0.035 0.05 0.005),2.18454e-09)
(0.005,(0.035 0.055 0.005),2.16703e-09)
(0.005,(0.035 0.06 0.005),2.15755e-09)
(0.005,(0.035 0.065 0.005),2.16055e-09)
(0.005,(0.035 0.07 0.005),2.19494e-09)
(0.005,(0.035 0.075 0.005),2.75929e-09)
(0.005,(0.04 -0.08 0.005),2.7994e-09)
(0.005,(0.04 -0.075 0.005),2.23161e-09)
(0.005,(0.04 -0.07 0.005),2.1954e-09)
(0.005,(0.04 -0.065 0.005),2.18342e-09)
(0.005,(0.04 -0.06 0.005),2.1852e-09)
(0.005,(0.04 -0.055 0.005),2.19132e-09)
(0.005,(0.04 -0.05 0.005),2.19778e-09)
(0.005,(0.04 -0.045 0.005),2.20335e-09)
(0.005,(0.04 -0.04 0.005),2.20808e-09)
(0.005,(0.04 -0.035 0.005),2.21289e-09)
(0.005,(0.04 -0.03 0.005),2.22e-09)
(0.005,(0.04 -0.025 0.005),2.23687e-09)
(0.005,(0.04 -0.02 0.005),2.26673e-09)
(0.005,(0.04 -0.015 0.005),3.1807e-09)
(0.005,(0.04 0.01 0.005),3.1807e-09)
(0.005,(0.04 0.015 0.005),2.26673e-09)
(0.005,(0.04 0.02 0.005),2.23687e-09)
(0.005,(0.04 0.025 0.005),2.22e-09)
(0.005,(0.04 0.03 0.005),2.21289e-09)
(0.005,(0.04 0.035 0.005),2.20808e-09)
(0.005,(0.04 0.04 0.005),2.20335e-09)
(0.005,(0.04 0.045 0.005),2.19778e-09)
(0.005,(0.04 0.05 0.005),2.19132e-09)
(0.005,(0.04 0.055 0.005),2.1852e-09)
(0.005,(0.04 0.06 0.005),2.18342e-09)
(0.005,(0.04 0.065 0.005),2.1954e-09)
(0.005,(0.04 0.07 0.005),2.23161e-09)
(0.005,(0.04 0.075 0.005),2.7994e-09)
(0.005,(0.045 -0.08 0.005),3.32644e-09)
(0.005,(0.045 -0.075 0.005),2.80156e-09)
(0.005,(0.045 -0.07 0.005),2.7627e-09)
(0.005,(0.045 -0.065 0.005),2.74702e-09)
(0.005,(0.045 -0.06 0.005),2.74388e-09)
(0.005,(0.045 -0.055 0.005),2.74612e-09)
(0.005,(0.045 -0.05 0.005),2.75078e-09)
(0.005,(0.045 -0.045 0.005),2.75672e-09)
(0.005,(0.045 -0.04 0.005),2.76399e-09)
(0.005,(0.045 -0.035 0.005),2.77386e-09)
(0.005,(0.045 -0.03 0.005),2.78979e-09)
(0.005,(0.045 -0.025 0.005),2.82191e-09)
(0.005,(0.045 -0.02 0.005),2.88405e-09)
(0.005,(0.045 -0.015 0.005),3.76372e-09)
(0.005,(0.045 0.01 0.005),3.76372e-09)
(0.005,(0.045 0.015 0.005),2.88405e-09)
(0.005,(0.045 0.02 0.005),2.82191e-09)
(0.005,(0.045 0.025 0.005),2.78979e-09)
(0.005,(0.045 0.03 0.005),2.77386e-09)
(0.005,(0.045 0.035 0.005),2.76399e-09)
(0.005,(0.045 0.04 0.005),2.75672e-09)
(0.005,(0.045 0.045 0.005),2.75078e-09)
(0.005,(0.045 0.05 0.005),2.74612e-09)
(0.005,(0.045 0.055 0.005),2.74388e-09)
(0.005,(0.045 0.06 0.005),2.74702e-09)
(0.005,(0.045 0.065 0.005),2.7627e-09)
(0.005,(0.045 0.07 0.005),2.80156e-09)
(0.005,(0.045 0.075 0.005),3.32644e-09)
